%YAML:1.0
---
rotation: !!opencv-matrix
   rows: 3
   cols: 3
   dt: d
   data: [ 9.9980554599118587e-01, -7.9446608386715949e-03,
       1.8048616828584899e-02, 7.8754244089658410e-03,
       9.9996136768200250e-01, 3.9039510649748047e-03,
       -1.8078935135822163e-02, -3.7610514085200720e-03,
       9.9982948876128730e-01 ]
translation: !!opencv-matrix
   rows: 3
   cols: 1
   dt: d
   data: [ -5.1613041755907745e-02, -6.5512836447081274e-04,
       -3.6765650531204244e-03 ]
essential: !!opencv-matrix
   rows: 3
   cols: 3
   dt: d
   data: [ 4.0798533367400469e-05, 3.6788869903481079e-03,
       -6.4066352766729232e-04, -4.6089589643747162e-03,
       -1.6491024099570773e-04, 5.1537884238335080e-02,
       2.4852636326860449e-04, -5.1616252597127328e-02,
       -1.8967062850569388e-04 ]
fundamental: !!opencv-matrix
   rows: 3
   cols: 3
   dt: d
   data: [ 2.4477831722353431e-08, 2.2090396540007395e-06,
       -6.0074697423913510e-04, -2.7663648232771829e-06,
       -9.9063327027023157e-08, 1.1877252077631550e-02,
       1.5517473948481956e-03, -3.4080683837044462e-02, 1. ]
