%YAML:1.0
---
depthShift: -3.4045953234368497e+01
