%YAML:1.0
---
cameraMatrix: !!opencv-matrix
   rows: 3
   cols: 3
   dt: d
   data: [ 3.5952872469637504e+02, 0., 2.6576868949329764e+02, 0.,
       3.5923192298844941e+02, 2.0644565654721484e+02, 0., 0., 1. ]
distortionCoefficients: !!opencv-matrix
   rows: 1
   cols: 5
   dt: d
   data: [ 7.8228177558775758e-02, -3.2110348169192299e-01,
       2.4734022865043954e-04, 1.0445713985298661e-02,
       2.0929361481653380e-01 ]
rotation: !!opencv-matrix
   rows: 3
   cols: 3
   dt: d
   data: [ 1., 0., 0., 0., 1., 0., 0., 0., 1. ]
projection: !!opencv-matrix
   rows: 4
   cols: 4
   dt: d
   data: [ 3.5952872469637504e+02, 0., 2.6576868949329764e+02, 0., 0.,
       3.5923192298844941e+02, 2.0644565654721484e+02, 0., 0., 0., 1.,
       0., 0., 0., 0., 1. ]
