%YAML:1.0
---
cameraMatrix: !!opencv-matrix
   rows: 3
   cols: 3
   dt: d
   data: [ 1.0310929802852222e+03, 0., 9.8423507694177533e+02, 0.,
       1.0306699442377405e+03, 5.1406638129035377e+02, 0., 0., 1. ]
distortionCoefficients: !!opencv-matrix
   rows: 1
   cols: 5
   dt: d
   data: [ 3.4713205705632524e-03, 8.5145398150467483e-02,
       -2.7350674541862761e-04, 2.6274641845166584e-03,
       -3.6507939325229255e-01 ]
rotation: !!opencv-matrix
   rows: 3
   cols: 3
   dt: d
   data: [ 1., 0., 0., 0., 1., 0., 0., 0., 1. ]
projection: !!opencv-matrix
   rows: 4
   cols: 4
   dt: d
   data: [ 1.0310929802852222e+03, 0., 9.8423507694177533e+02, 0., 0.,
       1.0306699442377405e+03, 5.1406638129035377e+02, 0., 0., 0., 1.,
       0., 0., 0., 0., 1. ]
